image: big_parking_space.pgm
resolution: 0.050000
origin: [-17.300000, -11.250000, 0.000000]
negate: 0
occupied_thresh: 0.65
free_thresh: 0.196

